  time     K
       0.013         0.000
       0.229         0.000
       0.313         0.000
       0.363         0.000
       0.418         0.000
       0.470         0.000
       0.521         0.000
       0.571         0.000
       0.621         0.000
       0.672         0.000
       0.722         0.000
       0.772         0.000
       0.822         0.000
       0.873         0.000
       0.923         0.000
       0.974         0.000
       1.024         0.000
       1.074         0.000
       1.124         0.000
       1.174         0.000
       1.230         0.000
       1.280         0.000
       1.330         0.000
       1.380         0.000
       1.431         0.000
       1.481         0.000
       1.531         0.000
       1.582         0.000
       1.632         0.000
       1.682         0.000
       1.732         0.000
       1.783         0.000
       1.833         0.000
       1.883         0.000
       1.933         0.000
       1.983         0.000
       2.033         0.000
       2.083         0.000
       2.133         0.000
       2.183         0.000
       2.234         0.000
       2.284         0.000
       2.334         0.000
       2.385         0.000
       2.435         0.000
       2.485         0.000
       2.535         0.000
       2.585         0.000
       2.635         0.000
       2.685         0.000
       2.735         0.000
       2.785         0.000
       2.835         0.000
       2.885         0.000
       2.935         0.000
       2.985         0.000
       3.035         0.000
       3.086         0.000
       3.135         0.000
       3.186         0.000
       3.236         0.000
       3.286         0.000
       3.337         0.000
       3.387         0.000
       3.437         0.000
       3.488         0.000
       3.538         0.000
       3.589         0.000
       3.640         0.000
       3.691         0.000
       3.741         0.000
       3.792         0.000
       3.843         0.000
       3.893         0.000
       3.944         0.000
       3.995         0.000
       4.045         0.000
       4.096         0.000
       4.147         0.000
       4.197         0.000
       4.248         0.000
       4.298         0.000
       4.348         0.000
       4.398         0.000
       4.448         0.000
       4.498         0.000
       4.548         0.000
       4.599         0.000
       4.649         0.000
       4.700         0.000
       4.750         0.000
       4.801         0.000
       4.851         0.000
       4.902         0.000
       4.953         0.000
       5.003         0.000
       5.053         0.000
       5.103         0.000
       5.153         0.000
       5.203         0.000
       5.253         0.000
       5.303         0.000
       5.354         0.000
       5.418         0.000
       5.469         0.000
       5.521         0.000
       5.572         0.000
       5.629         0.000
       5.686         0.000
       5.736         0.000
       5.787         0.000
       5.838         0.000
       5.888         0.000
       5.937         0.000
       5.988         0.000
       6.037         0.000
       6.093         0.000
       6.143         0.000
       6.194         0.000
       6.244         0.000
       6.294         0.000
       6.344         0.000
       6.395         0.000
       6.446         0.000
       6.497         0.000
       6.548         0.000
       6.600         0.000
       6.665         0.000
       6.715         0.000
       6.765         0.000
       6.815         0.000
       6.865         0.000
       6.916         0.000
       6.966         0.000
       7.016         0.000
       7.066         0.000
       7.116         0.000
       7.167         0.000
       7.217         0.000
       7.267         0.000
       7.317         0.000
       7.367         0.000
       7.418         0.000
       7.468         0.000
       7.518         0.000
       7.568         0.000
       7.618         0.000
       7.668         0.000
       7.718         0.000
       7.768         0.000
       7.818         0.000
       7.868         0.000
       7.918         0.000
       7.969         0.000
       8.020         0.000
       8.069         0.000
       8.120         0.000
       8.171         0.000
       8.220         0.000
       8.270         0.000
       8.320         0.000
       8.371         0.000
       8.422         0.000
       8.474         0.000
       8.524         0.000
       8.573         0.000
       8.623         0.000
       8.674         0.000
       8.724         0.000
       8.774         0.000
       8.823         0.000
       8.874         0.000
       8.924         0.000
       8.975         0.000
       9.026         0.000
       9.077         0.000
       9.127         0.000
       9.177         0.000
       9.227         0.000
       9.278         0.000
       9.329         0.000
       9.380         0.000
       9.430         0.000
       9.480         0.000
       9.530         0.000
       9.580         0.000
       9.631         0.000
       9.683         0.000
       9.732         0.000
       9.783         0.000
       9.833         0.000
       9.884         0.000
       9.934         0.000
       9.984         0.000
      10.033         0.000
      10.084         0.000
      10.134         0.000
      10.184         0.000
      10.235         0.000
      10.286         0.000
      10.336         0.000
      10.386         0.000
      10.437         0.000
      10.669         0.000
      10.719         0.000
      10.769         0.000
      10.819         0.000
      10.870         0.000
      10.921         0.000
      10.971         0.000
      11.021         0.000
      11.071         0.000
      11.122         0.000
      11.173         0.000
      11.223         0.000
      11.273         0.000
      11.323         0.000
      11.373         0.000
      11.424         0.000
      11.474         0.000
      11.525         0.000
      11.576         0.000
      11.626         0.000
      11.676         0.000
      11.726         0.000
      11.776         0.000
      11.826         0.000
      11.877         0.000
      11.927         0.000
      11.977         0.000
      12.028         0.000
      12.079         0.000
      12.130         0.000
      12.180         0.000
      12.230         0.000
      12.281         0.000
      12.332         0.000
      12.382         0.000
      12.432         0.000
      12.482         0.000
      12.533         0.000
      12.584         0.000
      12.635         0.000
      12.685         0.000
      12.736         0.000
      12.785         0.000
      12.836         0.000
      12.887         0.000
      12.939         0.000
      12.990         0.000
      13.040         0.000
      13.091         0.000
      13.141         0.000
      13.192         0.000
      13.243         0.000
      13.293         0.000
      13.343         0.000
      13.394         0.000
      13.445         0.000
      13.496         0.000
      13.546         0.000
      13.597         0.000
      13.647         0.000
      13.697         0.000
      13.747         0.000
      13.797         0.000
      13.849         0.000
      13.898         0.000
      13.946         0.000
      13.997         0.000
      14.047         0.000
      15.532         0.000
      15.712         0.000
      16.448         0.000
      16.512         0.000
      16.562         0.000
      16.613         0.000
      16.663         0.000
      16.713         0.000
      16.763         0.000
      16.813         0.000
      16.863         0.000
      16.913         0.000
      16.963         0.000
      17.013         0.000
      17.064         0.000
      17.115         0.000
      17.166         0.000
      17.217         0.000
      17.269         0.000
      17.320         0.000
      17.371         0.000
      17.421         0.000
      17.472         0.000
      17.522         0.000
      17.572         0.000
      17.626         0.000
      17.676         0.000
      17.727         0.000
      17.777         0.000
      17.828         0.000
      17.878         0.000
      17.929         0.000
      17.979         0.000
      18.029         0.000
      18.079         0.000
      18.130         0.000
      18.211         0.000
      18.261         0.000
      18.313         0.000
      18.364         0.000
      18.414         0.000
      18.465         0.000
      18.515         0.000
      18.566         0.000
      18.617         0.000
      18.668         0.000
      18.718         0.000
      18.767         0.000
      18.818         0.000
      18.869         0.000
      18.919         0.000
      18.970         0.000
      19.140         0.000
      19.195         0.000
      19.245         0.000
      19.296         0.000
      19.347         0.000
      19.398         0.000
      19.448         0.000
      19.498         0.000
      19.548         0.000
      19.598         0.000
      19.648         0.000
      19.698         0.000
      19.749         0.000
      19.799         0.000
      19.850         0.000
      19.900         0.000
      19.950         0.000
      20.000         0.000
      20.051         0.000
      20.101         0.000
      20.151         0.000
      20.202         0.000
      20.252         0.000
      20.302         0.000
      20.353         0.000
      20.403         0.000
      20.453         0.000
      20.504         0.000
      20.555         0.000
      20.605         0.000
      20.654         0.000
      20.704         0.000
      20.754         0.000
      20.805         0.000
      20.855         0.000
      20.905         0.000
      20.955         0.000
      21.005         0.000
      21.055         0.000
      21.106         0.000
      21.156         0.000
      21.207         0.000
      21.258         0.000
      21.308         0.000
      21.359         0.000
      21.409         0.000
      21.460         0.000
      21.510         0.000
      21.561         0.000
      21.611         0.000
      21.661         0.000
      21.712         0.000
      21.763         0.000
      21.814         0.000
      21.865         0.000
      21.916         0.000
      21.966         0.000
      22.016         0.000
      22.067         0.000
      22.117         0.000
      22.168         0.000
      22.219         0.000
      22.268         0.000
      22.319         0.000
      22.369         0.000
      22.421         0.000
      22.471         0.000
      22.521         0.000
      22.571         0.000
      22.622         0.000
      22.672         0.000
      22.722         0.000
      22.772         0.000
      22.823         0.000
      22.874         0.000
      22.924         0.000
      22.975         0.000
      23.025         0.000
      23.076         0.000
      23.125         0.000
      23.176         0.000
      23.227         0.000
      23.277         0.000
      23.327         0.000
      23.378         0.000
      23.428         0.000
      23.478         0.000
      23.528         0.000
      23.578         0.000
      23.629         0.000
      23.680         0.000
      23.731         0.000
      23.782         0.000
      23.833         0.000
      23.882         0.000
      23.932         0.000
      23.983         0.000
      24.034         0.000
      24.084         0.000
      24.135         0.000
      24.184         0.000
      24.234         0.000
      24.285         0.000
      24.336         0.000
      24.386         0.000
      24.436         0.000
      24.487         0.000
      24.537         0.000
      24.587         0.000
      24.642         0.000
      24.692         0.000
      24.742         0.000
      24.793         0.000
      24.843         0.000
      24.893         0.000
      24.944         0.000
      24.994         0.000
      25.044         0.000
      25.094         0.000
      25.144         0.000
      25.195         0.000
      25.245         0.000
      25.296         0.000
      25.347         0.000
      25.397         0.000
      25.448         0.000
      25.499         0.000
      25.549         0.000
      25.599         0.000
      25.649         0.000
      25.699         0.000
      25.750         0.000
      25.801         0.000
      25.851         0.000
      25.901         0.000
      25.951         0.000
      26.001         0.000
      26.052         0.000
      26.101         0.000
      26.151         0.000
      26.201         0.000
      26.252         0.000
      26.302         0.000
      26.351         0.000
      26.403         0.000
      26.454         0.000
      26.505         0.000
      26.555         0.000
      26.605         0.000
      26.655         0.000
      26.705         0.000
      26.755         0.000
      26.805         0.000
      26.855         0.000
      26.905         0.000
      26.956         0.000
      27.005         0.000
      27.056         0.000
      27.106         0.000
      27.156         0.000
      27.207         0.000
      27.258         0.000
      27.309         0.000
      27.360         0.000
      27.411         0.000
      27.468         0.000
      27.519         0.000
      27.570         0.000
      27.621         0.000
      27.672         0.000
      27.723         0.000
      27.773         0.000
      27.824         0.000
      27.876         0.000
      27.926         0.000
      27.976         0.000
      28.027         0.000
      28.078         0.000
      28.128         0.000
      28.179         0.000
      28.229         0.000
      28.279         0.000
      28.330         0.000
      28.379         0.000
      28.429         0.000
      28.480         0.000
      28.530         0.000
      28.583         0.000
      28.633         0.000
      28.684         0.000
      28.734         0.000
      28.784         0.000
      28.835         0.000
      28.886         0.000
      28.938         0.000
      28.988         0.000
      29.038         0.000
      29.088         0.000
      29.138         0.000
      29.189         0.000
      29.240         0.000
      29.289         0.000
      29.339         0.000
      29.390         0.000
      29.441         0.000
      29.491         0.000
      29.541         0.000
      29.592         0.000
      29.642         0.000
      29.693         0.000
      29.743         0.000
      29.794         0.000
      29.844         0.000
      29.895         0.000
      29.946         0.000
      29.996         0.000
      30.047         0.000
      30.097         0.000
      30.148         0.000
      30.199         0.000
      30.249         0.000
      30.300         0.000
      30.349         0.000
      30.400         0.000
      30.450         0.000
      30.500         0.000
      30.550         0.000
      30.601         0.000
      30.652         0.000
      30.702         0.000
      30.765         0.000
      30.816         0.000
      30.865         0.000
      30.915         0.000
      30.966         0.000
      31.018         0.000
      31.069         0.000
      31.119         0.000
      31.170         0.000
      31.221         0.000
      31.271         0.000
      31.322         0.000
      31.373         0.000
      31.423         0.000
      31.473         0.000
      31.556         0.000
      31.607         0.000
      31.658         0.000
      31.709         0.000
      31.759         0.000
      31.809         0.000
      31.860         0.000
      31.910         0.000
      31.961         0.000
      32.011         0.000
      32.061         0.000
      32.111         0.000
      32.162         0.000
      32.217         0.000
      32.268         0.000
      32.318         0.000
      32.369         0.000
      32.420         0.000
      32.471         0.000
      32.521         0.000
      32.571         0.000
      32.621         0.000
      32.672         0.000
      32.723         0.000
      32.773         0.000
      32.823         0.000
      32.873         0.000
      32.923         0.000
      32.973         0.000
      33.023         0.000
      33.072         0.000
      33.123         0.000
      33.173         0.000
      33.224         0.000
      33.273         0.000
      33.323         0.000
      33.373         0.000
      33.424         0.000
      33.475         0.000
      33.525         0.000
      33.576         0.000
      33.626         0.000
      33.678         0.000
      33.729         0.000
      33.779         0.000
      33.829         0.000
      33.880         0.000
      33.930         0.000
      33.982         0.000
      34.033         0.000
      34.083         0.000
      34.134         0.000
      34.185         0.000
      34.236         0.000
      34.287         0.000
      34.338         0.000
      34.387         0.000
      34.438         0.000
      34.488         0.000
      34.662         0.000
      34.723         0.000
      34.773         0.000
      34.824         0.000
      34.874         0.000
      34.924         0.000
      34.974         0.000
      35.024         0.000
      35.074         0.000
      35.124         0.000
      35.175         0.000
      35.224         0.000
      35.276         0.000
      35.326         0.000
      35.377         0.000
      35.427         0.000
      35.478         0.000
      35.529         0.000
      35.579         0.000
      35.629         0.000
      35.679         0.000
      35.729         0.000
      35.780         0.000
      35.830         0.000
      35.881         0.000
      35.931         0.000
      35.981         0.000
      36.032         0.000
      36.083         0.000
      36.134         0.000
      36.185         0.000
      36.236         0.000
      36.287         0.000
      36.336         0.000
      36.387         0.000
      36.437         0.000
      36.487         0.000
      36.538         0.000
      36.588         0.000
      36.639         0.000
      36.689         0.000
      36.739         0.000
      36.789         0.000
      36.840         0.000
      36.980         0.000
      37.031         0.000
      37.082         0.000
      37.133         0.000
      37.184         0.000
      37.235         0.000
      37.286         0.000
      37.286         0.000
